-1.281770 -1.018835  1.287239 1.0 0.0 1.0 0.196212 0.448752
 0.002734  0.992958  0.002735 0.0 1.0 0.0 0.047232 0.055788
-1.281770 -1.018835 -1.281770 0.0 1.0 1.0 0.484819 0.189520

-1.281770 -1.018835 -1.281770 0.0 1.0 1.0 0.487756 0.776358
 0.002734  0.992958  0.002735 0.0 1.0 0.0 0.049699 0.926886
 1.287239 -1.018835 -1.281770 1.0 0.0 0.0 0.195675 0.513964

 1.287239 -1.018835 -1.281770 1.0 0.0 0.0 0.813871 0.534227
 0.002734  0.992958  0.002735 0.0 1.0 0.0 0.956058 0.867989
 1.287239 -1.018835  1.287239 0.0 0.0 1.0 0.658838 0.813238

 1.287239 -1.018835  1.287239 0.0 0.0 1.0 0.618750 0.227105
 0.002734  0.992958  0.002735 0.0 1.0 0.0 0.933437 0.096012
-1.281770 -1.018835  1.287239 1.0 0.0 1.0 0.810937 0.461418

-1.281770 -1.018835 -1.281770 0.0 1.0 1.0 0.201562 0.513294
 1.287239 -1.018835 -1.281770 1.0 0.0 0.0 0.514063 0.235598
 1.287239 -1.018835  1.287239 0.0 0.0 1.0 0.809375 0.528434

-1.281770 -1.018835 -1.281770 0.0 1.0 1.0 0.201562 0.513294
 1.287239 -1.018835  1.287239 0.0 0.0 1.0 0.809375 0.528434
-1.281770 -1.018835  1.287239 1.0 0.0 1.0 0.504687 0.810561